1.573007712082262310e+00 3.900000000000000000e+01
1.492432735426008961e+00 8.800000000000000000e+01
2.040409273410180191e+00 4.200000000000000000e+01
2.237745408486383702e+00 6.400000000000000000e+01
2.026970954356846377e+00 6.300000000000000000e+01
1.402347024308466139e+00 3.600000000000000000e+01
2.267394695787831704e+00 8.500000000000000000e+01
1.381917381137957923e+00 8.400000000000000000e+01
1.399041022908897203e+00 9.100000000000000000e+01
1.229535170711641312e+00 4.300000000000000000e+01
