9.958266863158451443e-01 3.900000000000000000e+01
7.286422880763739895e-01 8.800000000000000000e+01
3.074911579678283324e+00 4.200000000000000000e+01
3.736890673625212766e+00 6.400000000000000000e+01
3.077695804135603730e+00 6.300000000000000000e+01
6.014585875931290904e-01 3.600000000000000000e+01
4.121635802093550183e+00 8.500000000000000000e+01
5.452277084248381422e-01 8.400000000000000000e+01
6.180704708797207791e-01 9.100000000000000000e+01
2.879141813010712703e-01 4.300000000000000000e+01
